43526.0 36001.0 35101.0 46649.0 44906.0 43878.0 40173.0 32909.0 32892.0 43398.0 35976.0 31925.0 24603.0 42275.0 40516.0 39436.0
46565.0 36871.0 34921.0 56776.0 36358.0 36246.0 48100.0 31797.0 47409.0 48396.0 36758.0 42099.0 34120.0 49484.0 47835.0 46330.0
39510.0 19345.0 20747.0 51276.0 28877.0 27699.0 38263.0 18363.0 44009.0 38396.0 36325.0 32782.0 27581.0 34974.0 27777.0 34771.0
44700.0 22569.0 34706.0 42530.0 40549.0 36385.0 39872.0 28382.0 40511.0 37865.0 33720.0 27125.0 32004.0 44114.0 40588.0 31670.0
48344.0 28960.0 30898.0 54644.0 37310.0 33040.0 39332.0 29909.0 43711.0 43441.0 31815.0 32068.0 31076.0 50050.0 38649.0 41258.0
50224.0 33785.0 39495.0 50346.0 46371.0 40782.0 54076.0 31062.0 47798.0 49123.0 34086.0 36789.0 37893.0 40058.0 49251.0 42013.0
51199.0 36309.0 39963.0 58528.0 38959.0 45508.0 47180.0 30940.0 49179.0 44279.0 40651.0 41098.0 31874.0 44333.0 49352.0 45307.0
41233.0 24518.0 28762.0 44807.0 34520.0 41699.0 35617.0 28133.0 38707.0 42468.0 29305.0 27341.0 25512.0 36174.0 32130.0 35719.0
45843.0 25013.0 36505.0 47321.0 38970.0 44863.0 44184.0 29049.0 35960.0 38924.0 35136.0 29508.0 27405.0 42185.0 40553.0 35218.0
37483.0 21604.0 35992.0 52951.0 37134.0 36200.0 41276.0 28616.0 36514.0 39387.0 32791.0 27835.0 38009.0 40671.0 36297.0 38274.0
38163.0 25102.0 35285.0 49483.0 30426.0 47659.0 38956.0 32223.0 42633.0 39295.0 28537.0 32523.0 26842.0 41184.0 37475.0 39072.0
50046.0 26054.0 34929.0 53301.0 34371.0 41168.0 38124.0 34707.0 49728.0 35351.0 32376.0 36961.0 39966.0 41304.0 50974.0 39954.0
47477.0 36475.0 33278.0 57964.0 47358.0 51576.0 53532.0 35860.0 43302.0 50758.0 42403.0 32578.0 40244.0 49819.0 44788.0 45767.0
45844.0 34025.0 34309.0 48926.0 40962.0 43936.0 49865.0 27847.0 44367.0 51459.0 37643.0 29056.0 28586.0 49427.0 44170.0 39846.0
45793.0 29171.0 36385.0 59127.0 45065.0 43372.0 41144.0 31789.0 42309.0 40918.0 29046.0 28817.0 31761.0 47458.0 42385.0 36722.0
29983.0 23703.0 25154.0 49460.0 36111.0 39331.0 32766.0 31994.0 41275.0 36567.0 33073.0 28959.0 29870.0 32273.0 38224.0 32770.0
