65048.0 80810.0 58157.0 81557.0 84452.0 80639.0 85865.0 69676.0 66569.0 74992.0 70916.0 85023.0 72745.0 99045.0 64696.0 75948.0 83818.0 87778.0 78328.0 90427.0 76755.0 65501.0 81169.0 73564.0 72445.0 75456.0 82007.0 71242.0 74058.0 80337.0 64689.0 74191.0
69857.0 78639.0 57784.0 95343.0 81364.0 75948.0 87023.0 71399.0 78700.0 84461.0 65504.0 100157.0 67544.0 93008.0 81084.0 71966.0 102283.0 94565.0 86492.0 83397.0 83072.0 83370.0 89120.0 79767.0 67298.0 82753.0 87362.0 89574.0 86385.0 93585.0 69832.0 85270.0
70358.0 76607.0 55791.0 93088.0 79906.0 69088.0 82598.0 80672.0 61762.0 73460.0 73900.0 94807.0 77021.0 96731.0 74682.0 66522.0 83181.0 90858.0 79517.0 91038.0 76086.0 72093.0 81089.0 73284.0 64909.0 77995.0 86019.0 83620.0 85230.0 78067.0 70196.0 72544.0
74956.0 80178.0 76076.0 102536.0 90485.0 80903.0 88419.0 76164.0 82225.0 79732.0 74131.0 89565.0 70759.0 95009.0 90073.0 73737.0 95969.0 82839.0 82308.0 98682.0 88335.0 92301.0 99510.0 76663.0 70937.0 94298.0 86260.0 69946.0 73988.0 84062.0 65014.0 69351.0
61043.0 57299.0 53737.0 69538.0 84034.0 76181.0 78809.0 65640.0 71069.0 62639.0 56050.0 78404.0 73514.0 80653.0 73056.0 57055.0 67216.0 72608.0 69008.0 77362.0 67552.0 63920.0 75620.0 72065.0 61890.0 81401.0 90589.0 75830.0 75440.0 70193.0 66765.0 60153.0
60842.0 70231.0 58425.0 80714.0 85401.0 70630.0 83000.0 66078.0 63047.0 72559.0 70206.0 86140.0 79519.0 95747.0 61318.0 63005.0 89636.0 75333.0 71724.0 91632.0 72497.0 63190.0 94744.0 78337.0 77477.0 77153.0 84047.0 86227.0 80844.0 81777.0 74246.0 87973.0
75358.0 78973.0 68467.0 92002.0 80754.0 87272.0 84090.0 63742.0 84744.0 72141.0 68643.0 87869.0 68787.0 94919.0 84204.0 72075.0 86456.0 82825.0 86595.0 72199.0 80754.0 74973.0 80979.0 61886.0 70279.0 80410.0 91685.0 74761.0 77248.0 86773.0 65316.0 67256.0
66105.0 85090.0 63072.0 76568.0 83153.0 69969.0 84208.0 54811.0 69910.0 71308.0 64538.0 86317.0 73680.0 99233.0 68946.0 66856.0 79765.0 80398.0 84192.0 85999.0 79490.0 69501.0 76267.0 77952.0 66073.0 70822.0 97178.0 72021.0 66182.0 82315.0 67738.0 79064.0
70430.0 78973.0 55272.0 90186.0 74101.0 67584.0 80901.0 64925.0 82620.0 72084.0 61364.0 90138.0 83309.0 95317.0 85029.0 65603.0 87458.0 88532.0 81321.0 90139.0 74604.0 80638.0 85763.0 65703.0 66496.0 79488.0 85632.0 71821.0 74507.0 90176.0 73734.0 71488.0
57590.0 70431.0 52348.0 87824.0 65586.0 71394.0 72663.0 65043.0 72211.0 72883.0 57767.0 78197.0 77559.0 99085.0 74700.0 64018.0 72395.0 71770.0 68766.0 72508.0 81831.0 64844.0 73857.0 55575.0 60454.0 68565.0 73691.0 64943.0 63097.0 80355.0 64362.0 68140.0
66287.0 63633.0 58621.0 78713.0 55857.0 61196.0 73032.0 66584.0 67339.0 64676.0 56210.0 77149.0 50219.0 86788.0 69471.0 62281.0 62665.0 80715.0 71356.0 77478.0 71700.0 71756.0 65587.0 58936.0 62115.0 76422.0 83623.0 64683.0 66455.0 72325.0 52650.0 53076.0
63507.0 76405.0 58536.0 76395.0 86079.0 68015.0 78900.0 66226.0 73173.0 68250.0 63532.0 86775.0 78322.0 92272.0 68556.0 65166.0 77452.0 75771.0 69670.0 84655.0 62772.0 75122.0 88544.0 69546.0 59114.0 76381.0 94572.0 77547.0 69227.0 76127.0 61163.0 68201.0
66994.0 72141.0 53082.0 77021.0 69588.0 73427.0 75289.0 72638.0 69933.0 65831.0 59373.0 83494.0 59354.0 78290.0 67677.0 61545.0 68665.0 83243.0 73574.0 73049.0 82317.0 62286.0 73684.0 69061.0 53953.0 72730.0 66220.0 67292.0 65785.0 78229.0 56385.0 66562.0
63580.0 84536.0 62160.0 93892.0 77453.0 82162.0 71911.0 80849.0 86516.0 74269.0 66752.0 89458.0 90884.0 103078.0 91460.0 77994.0 94154.0 98079.0 90180.0 88809.0 96116.0 71232.0 81763.0 75792.0 88067.0 94241.0 96623.0 91400.0 85011.0 90964.0 78643.0 81714.0
61937.0 67735.0 60002.0 79440.0 87957.0 70926.0 63239.0 59288.0 71069.0 64445.0 65073.0 80639.0 67831.0 86118.0 77395.0 58450.0 73881.0 73456.0 71857.0 75255.0 76714.0 75708.0 80941.0 76577.0 66879.0 77045.0 72255.0 76790.0 70300.0 70172.0 61361.0 77682.0
60922.0 66979.0 53115.0 72292.0 76025.0 78035.0 76654.0 62202.0 55733.0 65826.0 65013.0 64937.0 66605.0 89645.0 75539.0 70580.0 82967.0 81355.0 76404.0 81003.0 72057.0 62594.0 84583.0 71397.0 66401.0 78060.0 76422.0 67269.0 65381.0 85605.0 62184.0 72819.0
71082.0 82813.0 57189.0 85811.0 78785.0 64548.0 70787.0 69644.0 78180.0 74127.0 64610.0 88715.0 70845.0 89080.0 73343.0 61011.0 90744.0 85022.0 79832.0 91893.0 67356.0 63186.0 74285.0 59276.0 70246.0 74152.0 85109.0 84428.0 73251.0 88693.0 65080.0 74961.0
47247.0 81425.0 48898.0 78873.0 70566.0 64046.0 79051.0 71921.0 73805.0 66036.0 62529.0 76862.0 53143.0 89246.0 57552.0 62250.0 78940.0 88692.0 78675.0 86632.0 68627.0 60218.0 72181.0 72477.0 61188.0 80274.0 90824.0 81679.0 65690.0 87449.0 50256.0 69930.0
61311.0 63589.0 51478.0 75195.0 65877.0 50318.0 76553.0 65791.0 61795.0 60311.0 51613.0 78163.0 71677.0 91297.0 70426.0 55861.0 75964.0 71837.0 64725.0 69958.0 67535.0 73027.0 81419.0 67192.0 62582.0 74455.0 68930.0 64702.0 66906.0 82234.0 58398.0 60446.0
61451.0 75751.0 61561.0 79366.0 65703.0 62273.0 71850.0 62729.0 63223.0 74783.0 57575.0 76926.0 72070.0 85338.0 72522.0 62137.0 90697.0 85380.0 66144.0 75271.0 71129.0 74978.0 81527.0 69742.0 73166.0 83702.0 71019.0 79959.0 76826.0 77174.0 73368.0 71460.0
56937.0 79110.0 46521.0 75365.0 81337.0 75770.0 75912.0 64972.0 67225.0 67679.0 63011.0 93525.0 61767.0 83257.0 61553.0 63921.0 74480.0 70505.0 68360.0 75175.0 73325.0 57653.0 60283.0 72290.0 62655.0 70368.0 82746.0 71918.0 73919.0 77312.0 63588.0 67780.0
71777.0 90916.0 55798.0 84724.0 78981.0 72986.0 86456.0 71482.0 79358.0 78216.0 62518.0 96869.0 74511.0 96040.0 76671.0 63033.0 88075.0 84189.0 69477.0 84316.0 88469.0 77798.0 78494.0 73465.0 69054.0 77031.0 81208.0 82207.0 75701.0 74982.0 73950.0 66377.0
66431.0 67281.0 68247.0 92635.0 76746.0 75119.0 83708.0 68500.0 77857.0 78682.0 59525.0 83901.0 79201.0 92840.0 82666.0 67723.0 88055.0 85769.0 81716.0 82412.0 81902.0 86984.0 78858.0 79640.0 68322.0 96575.0 90641.0 84609.0 86911.0 81565.0 72595.0 73854.0
52652.0 61606.0 45372.0 61706.0 58740.0 64289.0 70854.0 52733.0 57744.0 49901.0 58382.0 75547.0 64195.0 73882.0 61833.0 55097.0 72185.0 73195.0 58038.0 67973.0 58970.0 56756.0 61873.0 57380.0 62487.0 70000.0 70179.0 67893.0 61113.0 63612.0 58633.0 71088.0
75798.0 87795.0 57143.0 88876.0 77175.0 70742.0 85188.0 73088.0 82184.0 75508.0 71784.0 92919.0 67358.0 102200.0 82831.0 69399.0 89178.0 87771.0 72769.0 89211.0 75695.0 76214.0 85966.0 70462.0 76752.0 70441.0 87090.0 88632.0 84042.0 92521.0 63348.0 75922.0
60989.0 80161.0 64047.0 87112.0 74008.0 69912.0 77039.0 65653.0 70224.0 75261.0 55259.0 81480.0 75996.0 95867.0 74536.0 58530.0 72770.0 72361.0 67543.0 83893.0 85124.0 80773.0 86428.0 68367.0 60371.0 81414.0 77538.0 77712.0 79241.0 71047.0 63332.0 79418.0
38803.0 44765.0 50423.0 64370.0 50830.0 50097.0 56454.0 53385.0 50604.0 51302.0 49093.0 55528.0 54908.0 69268.0 60217.0 46801.0 58271.0 60332.0 51394.0 59483.0 54638.0 62513.0 59791.0 49224.0 49779.0 61123.0 65699.0 44728.0 52124.0 50562.0 37879.0 46483.0
54093.0 68096.0 50698.0 84172.0 75672.0 58930.0 71164.0 51594.0 78676.0 69054.0 64579.0 80947.0 71811.0 86888.0 67265.0 51178.0 72377.0 66972.0 62563.0 71959.0 63316.0 68433.0 74845.0 54907.0 63082.0 61055.0 76397.0 80130.0 69573.0 68274.0 59619.0 61515.0
60608.0 70054.0 53240.0 84169.0 81043.0 78744.0 81453.0 76166.0 70577.0 82817.0 73635.0 87755.0 81876.0 98843.0 80923.0 68331.0 97679.0 88096.0 76968.0 91610.0 81039.0 71452.0 93998.0 70794.0 84694.0 82784.0 80828.0 81998.0 74200.0 86497.0 66996.0 93427.0
68075.0 84027.0 66127.0 88821.0 70432.0 73988.0 73241.0 79099.0 81273.0 84152.0 67282.0 81652.0 71439.0 101686.0 85914.0 66332.0 82684.0 88464.0 85912.0 91324.0 83940.0 75101.0 93409.0 78678.0 65832.0 87428.0 88110.0 68869.0 73433.0 93314.0 56926.0 77189.0
59136.0 58302.0 57724.0 84572.0 71209.0 73115.0 75192.0 71720.0 72904.0 61216.0 70150.0 77032.0 69630.0 90142.0 71580.0 68596.0 77294.0 74613.0 86277.0 80644.0 70411.0 61897.0 79249.0 67807.0 62291.0 79358.0 87082.0 71414.0 70407.0 75384.0 59140.0 66734.0
61641.0 78322.0 49659.0 81760.0 81526.0 68013.0 85596.0 69941.0 74237.0 63833.0 65995.0 86237.0 67501.0 92129.0 73044.0 63298.0 75085.0 87940.0 77632.0 81836.0 59181.0 52093.0 79821.0 69939.0 70990.0 62432.0 90510.0 85498.0 63822.0 80721.0 56354.0 74647.0
