163666.0 152459.0 134542.0 174359.0 167791.0 177917.0 164690.0 157711.0 159827.0 163208.0 152383.0 151915.0 158372.0 176776.0 158493.0 178214.0 163224.0 158012.0 165039.0 162731.0 168259.0 168393.0 163281.0 169670.0 187234.0 153442.0 162500.0 139125.0 152031.0 168871.0 165103.0 172601.0 147887.0 151365.0 144353.0 166336.0 141988.0 164944.0 143070.0 148243.0 161862.0 149799.0 152223.0 168681.0 138202.0 139998.0 158340.0 179794.0 163919.0 171753.0 161801.0 159390.0 170288.0 155696.0 161155.0 159773.0 145751.0 162140.0 145092.0 184792.0 149465.0 174007.0 179664.0 178809.0
149527.0 147700.0 124549.0 154608.0 149726.0 173843.0 149078.0 137231.0 175094.0 150161.0 147090.0 147970.0 146733.0 160085.0 145202.0 155214.0 145943.0 154975.0 149023.0 163570.0 162960.0 155231.0 157792.0 166643.0 163637.0 127291.0 151978.0 132521.0 158108.0 146098.0 161647.0 150230.0 141467.0 145249.0 135862.0 162712.0 157273.0 173726.0 152788.0 141626.0 149547.0 143557.0 141543.0 152346.0 126338.0 138533.0 154466.0 156962.0 169219.0 157490.0 139573.0 163677.0 158541.0 137789.0 149597.0 150143.0 136653.0 153077.0 136986.0 154085.0 129891.0 145655.0 164768.0 157733.0
180762.0 176826.0 156031.0 180159.0 179200.0 201678.0 158671.0 175296.0 176653.0 150943.0 179665.0 176283.0 184272.0 186661.0 170909.0 182140.0 169634.0 177011.0 178913.0 193281.0 174024.0 167540.0 175310.0 188128.0 195703.0 142936.0 157476.0 139901.0 172261.0 168435.0 171568.0 167156.0 154458.0 185802.0 166217.0 176230.0 176802.0 195211.0 167567.0 159855.0 166767.0 163513.0 146160.0 151943.0 158780.0 159363.0 166956.0 177440.0 187760.0 198205.0 162586.0 171234.0 168183.0 178236.0 156778.0 183473.0 153866.0 148481.0 149721.0 188343.0 169858.0 155334.0 206172.0 174336.0
145612.0 133985.0 128637.0 150616.0 157184.0 157765.0 133336.0 154436.0 152698.0 129778.0 139221.0 140044.0 138287.0 168383.0 146176.0 154047.0 131860.0 141291.0 135941.0 147611.0 145351.0 151827.0 141596.0 157242.0 162781.0 138198.0 129657.0 142215.0 136779.0 144372.0 160589.0 151707.0 114768.0 136493.0 140073.0 145642.0 142323.0 155637.0 146781.0 121122.0 152362.0 120476.0 128647.0 139130.0 140168.0 135641.0 139450.0 158709.0 154744.0 155728.0 137586.0 144380.0 141900.0 137132.0 120183.0 150887.0 133191.0 135450.0 120293.0 158114.0 144738.0 164215.0 145565.0 163109.0
164298.0 169824.0 140190.0 178606.0 172729.0 175867.0 144919.0 152139.0 170313.0 164722.0 180096.0 160527.0 155658.0 196189.0 175311.0 157760.0 170592.0 148947.0 176710.0 171311.0 168592.0 161353.0 166832.0 155782.0 187917.0 128274.0 170336.0 132377.0 164075.0 170237.0 193193.0 177455.0 162790.0 157633.0 150533.0 171594.0 151569.0 187370.0 160444.0 154074.0 165489.0 147351.0 149053.0 152018.0 145202.0 135222.0 165599.0 161614.0 175879.0 175670.0 158381.0 166184.0 149260.0 159382.0 176333.0 174927.0 159891.0 157771.0 151527.0 188586.0 149957.0 178437.0 183877.0 188736.0
144544.0 141006.0 130321.0 167301.0 145361.0 138930.0 149638.0 139983.0 153799.0 148577.0 139955.0 128082.0 147491.0 150770.0 126362.0 171842.0 137925.0 149680.0 151998.0 140948.0 151707.0 141956.0 150346.0 148670.0 160359.0 131158.0 144796.0 135817.0 157617.0 152904.0 156878.0 156469.0 133625.0 150148.0 133960.0 164603.0 142369.0 153862.0 133880.0 129777.0 136858.0 142813.0 139143.0 142702.0 111594.0 131775.0 139710.0 161927.0 154565.0 152499.0 133317.0 157929.0 154967.0 134155.0 141841.0 169801.0 145617.0 140516.0 117315.0 157316.0 135334.0 144639.0 169381.0 162118.0
156501.0 147628.0 121475.0 160710.0 169752.0 170235.0 139565.0 141480.0 165094.0 152033.0 147567.0 159976.0 142995.0 169665.0 146829.0 175072.0 147623.0 153623.0 137418.0 187387.0 150732.0 160543.0 130870.0 177009.0 159120.0 138267.0 147088.0 128238.0 143610.0 151695.0 176021.0 171339.0 129380.0 147347.0 139033.0 136988.0 151104.0 167386.0 149984.0 141911.0 151328.0 166372.0 133966.0 150099.0 141896.0 132820.0 153003.0 154367.0 170003.0 164835.0 152807.0 167696.0 152655.0 153490.0 152555.0 166590.0 158151.0 132366.0 154561.0 160001.0 134383.0 158574.0 168286.0 145280.0
170810.0 177105.0 149520.0 149329.0 155130.0 156914.0 156451.0 159381.0 165372.0 178252.0 164326.0 161555.0 141516.0 173027.0 146392.0 191555.0 170557.0 173570.0 164561.0 185181.0 177357.0 170577.0 159249.0 177135.0 186495.0 148328.0 169879.0 135475.0 169698.0 142489.0 185535.0 190838.0 144656.0 171787.0 147855.0 177524.0 146183.0 181355.0 159339.0 160668.0 179663.0 169518.0 148891.0 173291.0 147652.0 144204.0 153504.0 167332.0 174174.0 183488.0 164038.0 170122.0 168186.0 150233.0 155063.0 166870.0 164300.0 149996.0 125515.0 177343.0 166576.0 174253.0 186378.0 181595.0
142183.0 158195.0 113946.0 152551.0 132009.0 156131.0 129306.0 136242.0 151306.0 137957.0 136252.0 136627.0 138190.0 158728.0 136619.0 146652.0 144266.0 136389.0 122617.0 147554.0 137085.0 153286.0 128357.0 152988.0 164613.0 129612.0 137734.0 114315.0 137017.0 148899.0 150703.0 154265.0 136211.0 124529.0 124642.0 155591.0 132477.0 159489.0 122268.0 135648.0 128035.0 138028.0 146010.0 140201.0 124496.0 136703.0 123627.0 152161.0 142137.0 158044.0 140379.0 141751.0 151381.0 119220.0 132925.0 130706.0 149684.0 145648.0 110820.0 156489.0 127583.0 143765.0 149374.0 154609.0
146176.0 145339.0 127293.0 154188.0 170074.0 173492.0 143191.0 163205.0 159908.0 164636.0 147063.0 159115.0 136785.0 172676.0 162508.0 166036.0 156785.0 158077.0 162878.0 163211.0 155224.0 156265.0 155745.0 180761.0 189103.0 146084.0 161845.0 125430.0 166013.0 160058.0 171688.0 174514.0 136495.0 138927.0 133250.0 155998.0 138585.0 182564.0 148529.0 155165.0 156592.0 147444.0 118654.0 146466.0 144340.0 131278.0 149098.0 147058.0 170769.0 171649.0 159435.0 160740.0 155673.0 152500.0 159511.0 169594.0 146765.0 143326.0 150120.0 164402.0 150211.0 169657.0 170397.0 158726.0
158516.0 161891.0 135983.0 158330.0 156203.0 182387.0 153692.0 165772.0 167192.0 142627.0 164700.0 164987.0 163158.0 175709.0 161827.0 158587.0 140729.0 154337.0 171833.0 162303.0 164661.0 147029.0 172113.0 153479.0 184711.0 138618.0 173295.0 149399.0 164988.0 161663.0 172797.0 169596.0 139920.0 157321.0 136214.0 162467.0 148481.0 181010.0 157008.0 150397.0 147624.0 154313.0 154406.0 151183.0 161044.0 142121.0 149313.0 165289.0 168063.0 170286.0 165208.0 156180.0 154041.0 145589.0 152607.0 179481.0 160149.0 167701.0 140054.0 166575.0 151978.0 166598.0 176272.0 175922.0
137591.0 129746.0 114461.0 131324.0 147884.0 139166.0 130923.0 151947.0 144782.0 130391.0 139623.0 122460.0 142978.0 154179.0 143172.0 127098.0 138509.0 134463.0 138507.0 140495.0 147269.0 134249.0 151627.0 127698.0 147658.0 122602.0 139380.0 130003.0 136064.0 133293.0 149441.0 143011.0 110661.0 124035.0 124005.0 148862.0 136175.0 149862.0 131124.0 116451.0 138481.0 139470.0 127727.0 131191.0 132939.0 131109.0 132340.0 133951.0 157652.0 128880.0 135416.0 141489.0 137141.0 139477.0 139290.0 141058.0 136614.0 121534.0 115821.0 138465.0 120696.0 126857.0 154610.0 148617.0
178509.0 182051.0 117053.0 160729.0 160337.0 170882.0 128604.0 155931.0 167301.0 165506.0 161662.0 160362.0 151799.0 177905.0 150429.0 173046.0 147650.0 160796.0 161287.0 175378.0 173457.0 144808.0 158252.0 168876.0 172402.0 134404.0 164042.0 137015.0 141329.0 161588.0 178093.0 180976.0 153496.0 162449.0 141886.0 173864.0 156624.0 169528.0 163126.0 145009.0 155270.0 169177.0 160266.0 173414.0 135346.0 146141.0 151306.0 163762.0 169766.0 180067.0 162199.0 196592.0 163297.0 158404.0 163056.0 183863.0 163022.0 166592.0 141574.0 178021.0 142411.0 169787.0 176485.0 182892.0
138517.0 140594.0 117034.0 142976.0 150413.0 161129.0 134034.0 137387.0 152311.0 141556.0 142909.0 133703.0 144211.0 152576.0 143517.0 156067.0 136220.0 125297.0 140052.0 152686.0 154665.0 132838.0 137540.0 140112.0 149919.0 124174.0 140177.0 114170.0 144829.0 137678.0 149408.0 141417.0 129019.0 140132.0 142381.0 151516.0 125142.0 154096.0 124017.0 140158.0 131266.0 138952.0 136743.0 143552.0 118292.0 136586.0 151624.0 159408.0 150776.0 149023.0 153984.0 153044.0 135799.0 138630.0 140125.0 144658.0 132726.0 140143.0 123238.0 139270.0 131604.0 142344.0 168053.0 148960.0
157995.0 166976.0 131729.0 162201.0 157820.0 168084.0 141695.0 164353.0 154786.0 156590.0 146169.0 149416.0 141637.0 180987.0 160920.0 158874.0 145953.0 164989.0 140334.0 171196.0 160518.0 159481.0 159218.0 175512.0 178054.0 145350.0 151533.0 133633.0 145792.0 156113.0 160305.0 186758.0 137539.0 143224.0 141817.0 168201.0 154104.0 170530.0 150154.0 152773.0 174378.0 165198.0 158268.0 152812.0 140875.0 142207.0 160171.0 160756.0 173902.0 180892.0 150419.0 170598.0 158986.0 152048.0 158760.0 178077.0 152179.0 155026.0 138976.0 177489.0 152224.0 160615.0 160847.0 174945.0
156229.0 152360.0 110655.0 160251.0 155416.0 164300.0 147048.0 144162.0 169895.0 164837.0 157961.0 161687.0 170603.0 170726.0 151385.0 167838.0 147831.0 161815.0 156331.0 158882.0 160254.0 164912.0 146630.0 169196.0 160773.0 135107.0 147276.0 140838.0 155588.0 156047.0 168863.0 162771.0 145638.0 136392.0 132248.0 136444.0 145406.0 167264.0 151775.0 151977.0 148502.0 157620.0 152093.0 154488.0 140380.0 139559.0 160595.0 178129.0 156276.0 164344.0 161185.0 170032.0 159481.0 141851.0 169180.0 159911.0 142789.0 144004.0 148505.0 175182.0 140279.0 164407.0 161588.0 164806.0
157709.0 159868.0 134791.0 161551.0 146390.0 166648.0 151727.0 156981.0 175085.0 155939.0 143181.0 145842.0 145674.0 163580.0 142674.0 163651.0 155498.0 156796.0 152233.0 168921.0 164698.0 154186.0 150257.0 159058.0 174955.0 141255.0 149479.0 132234.0 150106.0 158284.0 157535.0 154300.0 150021.0 162022.0 145338.0 160484.0 150236.0 162283.0 157226.0 130495.0 150760.0 161348.0 152802.0 166827.0 139116.0 141581.0 155675.0 169181.0 170736.0 173551.0 158794.0 147997.0 154147.0 133337.0 152601.0 161991.0 147354.0 152520.0 129245.0 176028.0 152133.0 174536.0 165476.0 168116.0
160973.0 147108.0 141063.0 162910.0 153326.0 163091.0 139697.0 158326.0 161210.0 127434.0 143744.0 153738.0 154117.0 182895.0 152558.0 159214.0 155596.0 163808.0 161303.0 175797.0 161640.0 158496.0 151379.0 158490.0 178836.0 125636.0 161674.0 135514.0 147645.0 162197.0 148957.0 163852.0 132136.0 134915.0 155853.0 163955.0 155952.0 159809.0 135366.0 159143.0 166413.0 145304.0 151746.0 160186.0 138994.0 122074.0 149551.0 170079.0 176440.0 161151.0 154903.0 159496.0 153159.0 162272.0 138327.0 165443.0 147758.0 154999.0 146487.0 172944.0 171467.0 165787.0 172208.0 169012.0
167870.0 179003.0 137414.0 196789.0 164582.0 184688.0 165996.0 163658.0 176002.0 170416.0 173539.0 167567.0 166007.0 174927.0 167265.0 183511.0 184884.0 159972.0 174125.0 181373.0 177491.0 170460.0 156851.0 174284.0 185217.0 151645.0 166642.0 135584.0 160141.0 176042.0 174697.0 179499.0 138694.0 168154.0 162202.0 178071.0 160578.0 183726.0 163561.0 167828.0 166190.0 169451.0 165479.0 181105.0 165216.0 153330.0 164996.0 175850.0 174793.0 176149.0 154966.0 187987.0 170863.0 164669.0 167489.0 182538.0 157791.0 165663.0 150331.0 180964.0 155987.0 188875.0 174642.0 168129.0
151896.0 156633.0 137271.0 162606.0 168458.0 164128.0 150787.0 139672.0 163345.0 150311.0 145409.0 153913.0 159178.0 177200.0 156880.0 173423.0 161830.0 156609.0 147436.0 174615.0 155414.0 150310.0 152381.0 176653.0 176118.0 144668.0 151837.0 129148.0 154392.0 157646.0 165359.0 166997.0 129379.0 159035.0 146170.0 156805.0 143025.0 179509.0 147354.0 141689.0 154755.0 149214.0 139164.0 137469.0 134875.0 144834.0 148952.0 165263.0 155624.0 167814.0 146590.0 167769.0 163299.0 142105.0 157643.0 162534.0 153062.0 137069.0 145366.0 167609.0 147719.0 159270.0 183968.0 151805.0
149068.0 141140.0 139944.0 168946.0 154215.0 161775.0 154120.0 140538.0 159218.0 140914.0 156263.0 140904.0 150424.0 161233.0 147611.0 138846.0 154735.0 157055.0 140597.0 164258.0 160062.0 139304.0 144836.0 156055.0 169137.0 143229.0 158453.0 114457.0 148915.0 142606.0 160370.0 166456.0 126242.0 147780.0 148101.0 136761.0 136308.0 164733.0 138559.0 158669.0 152267.0 162514.0 147028.0 161041.0 147297.0 117128.0 137922.0 160926.0 155615.0 164067.0 151679.0 142025.0 149861.0 141935.0 150492.0 167716.0 139923.0 152956.0 137214.0 168558.0 134870.0 151338.0 146763.0 169044.0
147732.0 128782.0 126629.0 170073.0 145557.0 161771.0 123942.0 140152.0 146767.0 138597.0 141966.0 159161.0 154700.0 165438.0 146738.0 147356.0 143773.0 141111.0 138599.0 152272.0 127933.0 145094.0 135050.0 151315.0 170023.0 129486.0 157125.0 125370.0 145898.0 154596.0 152954.0 146386.0 120272.0 130407.0 135792.0 138314.0 137432.0 157467.0 144586.0 147084.0 146347.0 152233.0 139652.0 138075.0 118958.0 128297.0 141634.0 164397.0 148258.0 152560.0 136792.0 152608.0 126216.0 138061.0 149583.0 166418.0 129215.0 141907.0 146877.0 142613.0 124959.0 148151.0 146977.0 155972.0
169789.0 163281.0 142922.0 176273.0 171035.0 179404.0 157619.0 156100.0 160436.0 150162.0 154023.0 152383.0 134282.0 171314.0 151669.0 181342.0 156824.0 165991.0 140978.0 169409.0 161248.0 155486.0 148112.0 175436.0 185261.0 146354.0 164095.0 137221.0 159035.0 173357.0 155323.0 163914.0 127053.0 156984.0 147917.0 162845.0 160856.0 167891.0 152674.0 154155.0 160817.0 160773.0 159547.0 158128.0 144478.0 149551.0 148807.0 162268.0 175637.0 185130.0 160182.0 172974.0 158034.0 158137.0 160365.0 160929.0 138793.0 154695.0 140851.0 166218.0 154209.0 155343.0 160157.0 173848.0
142479.0 135421.0 127460.0 142398.0 151137.0 149621.0 136409.0 137892.0 134121.0 134813.0 156110.0 150799.0 144740.0 156247.0 150292.0 152479.0 128605.0 149284.0 145077.0 143680.0 152011.0 136557.0 147800.0 146221.0 169788.0 139062.0 152829.0 127187.0 132674.0 134217.0 158829.0 145929.0 129022.0 127075.0 134992.0 138186.0 132034.0 165942.0 145032.0 135882.0 141946.0 133479.0 130200.0 134398.0 123111.0 123554.0 128783.0 155314.0 140771.0 162443.0 153232.0 155476.0 152771.0 143234.0 138261.0 152063.0 138892.0 129810.0 128050.0 156597.0 143875.0 132698.0 166121.0 157248.0
154433.0 157267.0 127295.0 169344.0 168107.0 179710.0 135307.0 163320.0 160184.0 144245.0 162663.0 162067.0 170482.0 174838.0 169449.0 156384.0 150420.0 153515.0 153071.0 173630.0 160448.0 152826.0 160387.0 165778.0 178869.0 127634.0 163631.0 144796.0 157662.0 168216.0 171765.0 169304.0 118525.0 153742.0 136987.0 163525.0 150774.0 184484.0 153722.0 143357.0 149563.0 171405.0 150737.0 154227.0 149546.0 152351.0 152753.0 170525.0 154324.0 173498.0 153167.0 172865.0 148406.0 147384.0 159612.0 173850.0 153281.0 149575.0 152610.0 174254.0 156408.0 154236.0 174257.0 142264.0
155652.0 158700.0 134341.0 139983.0 162401.0 179361.0 134484.0 142649.0 175603.0 149461.0 147059.0 154346.0 134846.0 144362.0 138861.0 140503.0 125142.0 154846.0 152955.0 145314.0 150763.0 140547.0 132771.0 154527.0 166601.0 118194.0 145224.0 122903.0 145488.0 154916.0 157644.0 142549.0 139319.0 145105.0 121499.0 145677.0 141816.0 142863.0 146942.0 145716.0 135798.0 156048.0 138772.0 141625.0 144354.0 133554.0 144878.0 146842.0 156011.0 178632.0 142998.0 146471.0 150465.0 124357.0 151500.0 149996.0 136380.0 154622.0 121173.0 166734.0 147638.0 158563.0 153137.0 168718.0
145526.0 134318.0 130194.0 145888.0 144504.0 146437.0 131427.0 139747.0 129259.0 129605.0 130006.0 119812.0 139791.0 166949.0 141128.0 141610.0 134424.0 129482.0 141636.0 144715.0 114886.0 148893.0 147388.0 150012.0 163666.0 138199.0 140255.0 126609.0 133352.0 132282.0 154683.0 159656.0 133870.0 133234.0 131237.0 143481.0 127514.0 143031.0 138677.0 116880.0 143121.0 143691.0 136848.0 141471.0 129483.0 123098.0 130102.0 146801.0 148541.0 147058.0 137337.0 138064.0 145393.0 136044.0 141359.0 144481.0 130660.0 149032.0 118873.0 162452.0 135435.0 156941.0 159267.0 156638.0
154955.0 160993.0 121974.0 140698.0 147952.0 167019.0 150087.0 145443.0 166181.0 150613.0 146146.0 141424.0 135113.0 159307.0 148942.0 160000.0 159114.0 147275.0 161772.0 170153.0 165791.0 155073.0 159714.0 152991.0 173828.0 127776.0 152021.0 123367.0 140957.0 146238.0 178365.0 168727.0 131457.0 135134.0 138832.0 149985.0 142434.0 148408.0 148785.0 144499.0 159236.0 149338.0 153255.0 149009.0 135998.0 147259.0 136371.0 156108.0 166654.0 172354.0 160119.0 158700.0 152442.0 150951.0 153414.0 161264.0 153505.0 141348.0 133339.0 164896.0 142470.0 161591.0 162009.0 160849.0
163813.0 158983.0 136853.0 162717.0 174810.0 171540.0 144632.0 136128.0 156680.0 155140.0 147617.0 142723.0 155451.0 167562.0 145327.0 163285.0 140623.0 153686.0 158974.0 145620.0 161277.0 159305.0 152679.0 154376.0 169572.0 148412.0 152390.0 128516.0 143782.0 143555.0 157125.0 178063.0 144988.0 146428.0 129853.0 152517.0 135442.0 150111.0 149083.0 123255.0 142153.0 150044.0 131911.0 143405.0 138853.0 143666.0 140468.0 171681.0 155259.0 178919.0 156741.0 159158.0 167068.0 141800.0 147580.0 162090.0 168033.0 163951.0 122864.0 176001.0 165826.0 148485.0 177147.0 173258.0
157730.0 156828.0 141154.0 164181.0 166888.0 169662.0 137381.0 160828.0 151371.0 150835.0 147605.0 145521.0 153744.0 173244.0 162075.0 165719.0 163954.0 148796.0 156677.0 176849.0 164938.0 154757.0 151333.0 165261.0 196097.0 142122.0 154860.0 138907.0 160667.0 152681.0 176726.0 171627.0 132360.0 138424.0 154069.0 162339.0 156084.0 163753.0 151018.0 155784.0 160149.0 144866.0 133531.0 148443.0 143464.0 140298.0 161638.0 171636.0 179857.0 171690.0 139732.0 173411.0 161918.0 129086.0 156967.0 164328.0 152368.0 163394.0 140009.0 187767.0 160722.0 167230.0 167434.0 179132.0
151647.0 147005.0 111032.0 127927.0 157094.0 148558.0 145590.0 141396.0 146094.0 145244.0 136989.0 154804.0 143579.0 156171.0 150306.0 165088.0 146864.0 144621.0 152438.0 149709.0 155596.0 147058.0 148080.0 156626.0 152793.0 129146.0 131307.0 130329.0 128776.0 146582.0 163720.0 159782.0 133665.0 141770.0 128451.0 146340.0 122593.0 149717.0 138658.0 131435.0 132557.0 146146.0 129960.0 146134.0 133877.0 142829.0 140305.0 147905.0 164269.0 153465.0 144404.0 156985.0 139964.0 130859.0 133510.0 131978.0 134614.0 126988.0 124812.0 174167.0 142561.0 153401.0 155943.0 163181.0
126583.0 131105.0 108212.0 114138.0 117264.0 144555.0 115878.0 123037.0 125366.0 114807.0 115765.0 123178.0 134915.0 149454.0 129453.0 134353.0 120446.0 125250.0 128394.0 135914.0 131604.0 134119.0 132197.0 131693.0 142934.0 115092.0 119916.0 114867.0 126783.0 123846.0 134357.0 139887.0 114945.0 122771.0 102735.0 132670.0 126963.0 139469.0 120668.0 121283.0 133075.0 122415.0 121064.0 126489.0 109996.0 115819.0 124622.0 134352.0 133781.0 136721.0 119532.0 140664.0 135998.0 125168.0 137336.0 128242.0 123403.0 128129.0 116501.0 147980.0 111936.0 133099.0 121215.0 135500.0
152655.0 157036.0 127236.0 154356.0 165185.0 159036.0 142254.0 153319.0 152433.0 152586.0 143999.0 164222.0 148218.0 181695.0 169602.0 168714.0 144415.0 160069.0 164017.0 153509.0 162055.0 151621.0 145888.0 168457.0 189377.0 120798.0 165982.0 135602.0 153768.0 158010.0 178027.0 139829.0 132126.0 143338.0 143164.0 152956.0 159276.0 154375.0 149125.0 158838.0 179298.0 154019.0 123581.0 149928.0 124543.0 140396.0 153761.0 169862.0 156520.0 179528.0 161164.0 154928.0 158918.0 163343.0 148226.0 169089.0 149114.0 159016.0 140912.0 171157.0 152870.0 171648.0 165949.0 164701.0
137008.0 143809.0 120996.0 148034.0 161151.0 157618.0 137457.0 132672.0 153751.0 144753.0 143270.0 156257.0 157224.0 168426.0 139288.0 164230.0 146587.0 150544.0 148171.0 152021.0 148617.0 154655.0 148276.0 157160.0 164009.0 129560.0 139995.0 126257.0 145089.0 137368.0 144541.0 138891.0 135020.0 136727.0 143920.0 139978.0 147947.0 140743.0 113242.0 141709.0 105265.0 134388.0 133981.0 150708.0 110537.0 145328.0 155941.0 162872.0 138377.0 144083.0 132739.0 162133.0 145296.0 134533.0 155527.0 135721.0 139067.0 138089.0 138304.0 170984.0 137978.0 151593.0 163287.0 158654.0
193026.0 166689.0 146371.0 176968.0 201886.0 191179.0 166819.0 168340.0 192190.0 181700.0 170655.0 181882.0 179530.0 178496.0 177562.0 203878.0 169632.0 164935.0 184341.0 191549.0 189238.0 180962.0 186545.0 189800.0 204964.0 163496.0 174881.0 143001.0 183064.0 180769.0 187325.0 186288.0 156997.0 165218.0 152927.0 175371.0 177066.0 191017.0 162102.0 164507.0 176357.0 184802.0 169689.0 184649.0 149975.0 175561.0 181860.0 198550.0 196147.0 201827.0 176334.0 189194.0 179151.0 175203.0 188237.0 193783.0 180820.0 173124.0 163128.0 196937.0 160107.0 184071.0 209296.0 190497.0
158134.0 157020.0 135891.0 161295.0 160022.0 169794.0 134897.0 152441.0 156728.0 142610.0 155704.0 160442.0 144767.0 155940.0 156432.0 166129.0 150330.0 170229.0 149993.0 157392.0 156932.0 141711.0 159198.0 162039.0 185882.0 141698.0 159638.0 125111.0 154691.0 155126.0 169619.0 166306.0 133004.0 149375.0 135626.0 130754.0 145940.0 169486.0 152121.0 140984.0 142105.0 152260.0 157622.0 162495.0 150425.0 143197.0 154908.0 169086.0 163476.0 166233.0 155850.0 175566.0 157176.0 138483.0 170822.0 175877.0 146236.0 158830.0 134262.0 169406.0 140263.0 164898.0 161791.0 166963.0
145699.0 138438.0 124636.0 147856.0 151271.0 173863.0 144393.0 147102.0 143148.0 142968.0 147167.0 150107.0 141348.0 172395.0 134845.0 155185.0 145923.0 137469.0 140350.0 162536.0 156279.0 158265.0 141668.0 171495.0 177730.0 146831.0 144629.0 122271.0 140147.0 151134.0 156802.0 154906.0 131953.0 142680.0 144808.0 151265.0 126415.0 155740.0 141347.0 147219.0 144376.0 150087.0 144345.0 149191.0 134887.0 124482.0 144374.0 160446.0 152139.0 161697.0 148039.0 151799.0 144927.0 143589.0 158372.0 157901.0 135650.0 148403.0 141768.0 154839.0 147716.0 154989.0 164455.0 155615.0
155548.0 166213.0 135351.0 172587.0 165098.0 177741.0 157199.0 162421.0 169347.0 154575.0 157247.0 160859.0 174386.0 182648.0 157146.0 175191.0 165947.0 144630.0 154199.0 181216.0 170903.0 165716.0 167748.0 170649.0 192392.0 145123.0 159182.0 140196.0 140907.0 167237.0 174110.0 171766.0 148117.0 159061.0 156961.0 172028.0 163128.0 173151.0 145761.0 147503.0 165745.0 146172.0 158122.0 149060.0 137260.0 146580.0 160223.0 183883.0 174370.0 168422.0 159486.0 172619.0 158381.0 157716.0 167647.0 174713.0 147234.0 149453.0 140402.0 166659.0 147804.0 164979.0 161191.0 177644.0
147644.0 169715.0 143505.0 151521.0 150972.0 163128.0 147937.0 130782.0 165688.0 147447.0 156514.0 149076.0 148282.0 160184.0 149362.0 155330.0 148351.0 145052.0 140732.0 166317.0 159872.0 166520.0 144278.0 159383.0 171767.0 147466.0 156321.0 135602.0 142157.0 164459.0 167311.0 163215.0 134914.0 158940.0 142425.0 159117.0 132944.0 171051.0 151034.0 148933.0 151672.0 137295.0 165278.0 152389.0 127881.0 123003.0 123433.0 162872.0 156615.0 167360.0 141896.0 169416.0 148223.0 138543.0 157995.0 165323.0 148728.0 146047.0 131502.0 171344.0 143787.0 165639.0 171656.0 177991.0
158752.0 142968.0 147126.0 159722.0 155616.0 175952.0 162615.0 157282.0 164520.0 159237.0 146287.0 162061.0 159501.0 173307.0 157074.0 169265.0 154052.0 156419.0 154841.0 171591.0 177328.0 175158.0 170631.0 177771.0 192050.0 156051.0 168296.0 139913.0 155331.0 168235.0 161782.0 174342.0 146967.0 141467.0 144978.0 169326.0 154076.0 160403.0 143423.0 147962.0 175654.0 152956.0 140747.0 152348.0 131047.0 143737.0 168069.0 156910.0 180137.0 175573.0 164932.0 161370.0 158647.0 152007.0 152972.0 169033.0 150000.0 157873.0 135831.0 168665.0 159191.0 152078.0 179170.0 180494.0
170766.0 167498.0 142240.0 171921.0 164737.0 182045.0 141555.0 156335.0 174834.0 160665.0 155463.0 162340.0 156234.0 165131.0 165769.0 170819.0 171667.0 164928.0 160912.0 144089.0 172516.0 159346.0 148442.0 156867.0 182871.0 150521.0 159902.0 136616.0 138831.0 163516.0 181051.0 174728.0 139023.0 161522.0 159456.0 149710.0 149693.0 172913.0 147759.0 142655.0 145670.0 156007.0 168604.0 174010.0 157398.0 147788.0 143757.0 180933.0 177482.0 165430.0 164849.0 176369.0 150437.0 162279.0 161792.0 170757.0 163995.0 150983.0 140278.0 174165.0 150243.0 152581.0 179537.0 175273.0
162415.0 149353.0 128912.0 170579.0 162547.0 186391.0 150286.0 169363.0 151467.0 131609.0 162358.0 147674.0 148520.0 169347.0 182051.0 151755.0 149843.0 160794.0 168370.0 162026.0 156218.0 162867.0 151976.0 171005.0 179371.0 146829.0 163741.0 129345.0 146051.0 161866.0 167803.0 156456.0 133261.0 143569.0 151739.0 161250.0 133152.0 181553.0 141352.0 143854.0 142857.0 147124.0 145013.0 150696.0 153760.0 147181.0 146952.0 163245.0 151965.0 182101.0 147925.0 148011.0 154469.0 150923.0 160689.0 159816.0 122466.0 123504.0 147312.0 168497.0 144440.0 165233.0 174442.0 157386.0
181788.0 157830.0 130403.0 171999.0 168259.0 163591.0 159883.0 156830.0 165956.0 160890.0 146224.0 163689.0 156584.0 168447.0 155070.0 163113.0 147131.0 159847.0 157731.0 177170.0 156830.0 158281.0 162629.0 151657.0 180223.0 149147.0 158243.0 116110.0 128493.0 163734.0 173943.0 164080.0 154530.0 149904.0 159191.0 163738.0 149061.0 162925.0 151128.0 135436.0 156552.0 164852.0 163746.0 163975.0 140552.0 145905.0 161959.0 172867.0 163684.0 174673.0 149067.0 166665.0 163278.0 158939.0 165853.0 178934.0 141910.0 153436.0 133468.0 175788.0 155171.0 169770.0 174919.0 176723.0
162372.0 163725.0 126105.0 160868.0 149113.0 158392.0 119587.0 142206.0 170203.0 140786.0 150874.0 152173.0 152100.0 153912.0 137422.0 149402.0 121145.0 129273.0 132503.0 138405.0 147579.0 148861.0 143231.0 146132.0 171570.0 125733.0 150299.0 108732.0 136235.0 144853.0 162809.0 167041.0 119760.0 141756.0 123960.0 137457.0 133857.0 162976.0 143005.0 140980.0 137675.0 159507.0 137644.0 146475.0 120738.0 133741.0 145656.0 150446.0 151340.0 151663.0 132363.0 150200.0 139973.0 140311.0 152239.0 156401.0 131636.0 136714.0 123682.0 164199.0 127417.0 156486.0 150644.0 155176.0
144736.0 154833.0 130494.0 156977.0 148333.0 161413.0 132636.0 154431.0 124667.0 130150.0 145268.0 142099.0 139534.0 168236.0 132565.0 157868.0 153887.0 145975.0 147706.0 157327.0 158558.0 161957.0 144761.0 164819.0 133020.0 141520.0 144144.0 118356.0 122946.0 135036.0 153990.0 160665.0 124638.0 150142.0 137386.0 158645.0 124402.0 168210.0 152619.0 131227.0 138797.0 152412.0 137060.0 143999.0 134859.0 139889.0 134372.0 149041.0 156404.0 163847.0 133272.0 148437.0 140117.0 128341.0 147856.0 151298.0 141845.0 141513.0 133190.0 154020.0 139155.0 136720.0 169380.0 166273.0
140201.0 151129.0 111443.0 142560.0 136526.0 147241.0 135441.0 123000.0 145140.0 114820.0 137177.0 142986.0 144211.0 149330.0 135984.0 163944.0 129403.0 138839.0 141634.0 148798.0 148306.0 140165.0 141674.0 150123.0 165495.0 129091.0 135261.0 118283.0 140733.0 137582.0 154995.0 143658.0 109994.0 138933.0 129611.0 133874.0 116807.0 143418.0 127357.0 132249.0 145196.0 142861.0 125589.0 137941.0 122439.0 130192.0 148502.0 150389.0 151397.0 154484.0 134404.0 157374.0 131784.0 124574.0 149711.0 154004.0 129748.0 130208.0 125464.0 152345.0 140893.0 156367.0 162814.0 136356.0
137354.0 150707.0 139319.0 158947.0 167368.0 172434.0 157383.0 163312.0 149632.0 149840.0 171257.0 162937.0 150541.0 173981.0 150979.0 170677.0 153757.0 133303.0 164475.0 178472.0 170123.0 156041.0 157225.0 178753.0 190050.0 154460.0 166856.0 130395.0 154088.0 168918.0 174791.0 175649.0 134131.0 166816.0 153537.0 166357.0 155788.0 192190.0 155223.0 162185.0 157464.0 152897.0 145736.0 145395.0 135664.0 138084.0 154822.0 169750.0 174204.0 188795.0 162270.0 164177.0 171729.0 164202.0 162792.0 162467.0 157860.0 159274.0 138474.0 157665.0 154974.0 156429.0 183830.0 176910.0
158641.0 151526.0 134799.0 159771.0 162609.0 170255.0 125322.0 147998.0 172321.0 148821.0 152515.0 144867.0 161471.0 172671.0 132916.0 163666.0 147115.0 148987.0 159676.0 172159.0 149740.0 167789.0 160849.0 168847.0 175134.0 138973.0 141962.0 133634.0 148511.0 154836.0 161534.0 163949.0 129716.0 145190.0 138754.0 172947.0 136841.0 158588.0 150060.0 147091.0 154433.0 153213.0 132075.0 156951.0 143770.0 138070.0 160533.0 177269.0 164624.0 171921.0 145550.0 167259.0 145514.0 146208.0 154433.0 157260.0 141701.0 143816.0 133368.0 169751.0 145883.0 144725.0 165058.0 165726.0
157319.0 137708.0 122481.0 151298.0 167967.0 161542.0 153416.0 151753.0 138060.0 135621.0 143845.0 144081.0 148904.0 180149.0 148410.0 159915.0 145207.0 154366.0 142275.0 168680.0 151188.0 159846.0 153553.0 170496.0 167230.0 141829.0 150445.0 123790.0 146937.0 161660.0 160175.0 160874.0 133429.0 155851.0 144400.0 148984.0 152151.0 148479.0 147846.0 140641.0 159504.0 150313.0 136683.0 150380.0 146956.0 136875.0 129112.0 176218.0 171252.0 175349.0 146612.0 151310.0 148446.0 155994.0 157801.0 158456.0 145288.0 149608.0 146597.0 177371.0 154715.0 172392.0 181220.0 167746.0
154929.0 154330.0 112116.0 147650.0 153842.0 158061.0 136079.0 141708.0 153099.0 131910.0 140784.0 143351.0 137418.0 163155.0 142395.0 144979.0 146286.0 138680.0 138835.0 154440.0 150384.0 153716.0 140449.0 139314.0 162839.0 129225.0 135333.0 114075.0 135739.0 135330.0 146161.0 136985.0 138212.0 128204.0 142387.0 141817.0 124888.0 145862.0 137620.0 145326.0 159385.0 135490.0 154956.0 142612.0 118844.0 122975.0 154017.0 154038.0 136944.0 168652.0 141979.0 150408.0 134376.0 127320.0 137284.0 138429.0 133516.0 142416.0 131203.0 156370.0 135508.0 141231.0 148400.0 165999.0
151644.0 156097.0 132109.0 151881.0 143656.0 168462.0 153953.0 148919.0 159666.0 131703.0 153906.0 160877.0 150085.0 151141.0 132767.0 146047.0 150073.0 155945.0 150270.0 162664.0 152671.0 156752.0 144587.0 154803.0 174512.0 134079.0 147629.0 123588.0 133974.0 161538.0 163446.0 154008.0 125166.0 148791.0 140848.0 134303.0 142774.0 164945.0 153266.0 144260.0 137714.0 150132.0 137171.0 149921.0 136031.0 133491.0 144083.0 160172.0 171305.0 167015.0 133336.0 166360.0 145263.0 128810.0 133745.0 165198.0 140388.0 143989.0 137939.0 152762.0 141491.0 139625.0 156581.0 157178.0
141565.0 153353.0 129159.0 154586.0 160333.0 165970.0 141821.0 149446.0 147785.0 142259.0 144391.0 141830.0 142325.0 155274.0 142302.0 162503.0 148320.0 158377.0 153107.0 166529.0 172301.0 144377.0 151162.0 164409.0 159829.0 139383.0 154179.0 127318.0 147603.0 135915.0 153755.0 152827.0 125001.0 146946.0 136911.0 159962.0 142799.0 167005.0 143484.0 135514.0 142569.0 156955.0 133618.0 149533.0 138605.0 144445.0 140300.0 155883.0 159156.0 161711.0 142778.0 149478.0 155808.0 136084.0 160198.0 160312.0 129118.0 128587.0 125780.0 150886.0 147419.0 135213.0 176466.0 160892.0
143938.0 145364.0 116799.0 153108.0 147970.0 155055.0 126442.0 130597.0 156586.0 138191.0 146319.0 144934.0 137277.0 132568.0 143072.0 141042.0 151155.0 141546.0 141694.0 150925.0 130844.0 147054.0 127974.0 157004.0 153489.0 124098.0 147420.0 120022.0 129083.0 137557.0 154512.0 145442.0 124967.0 129175.0 141566.0 141719.0 129338.0 167719.0 144187.0 122907.0 128778.0 151184.0 134355.0 137449.0 132215.0 133690.0 131119.0 139405.0 135459.0 152908.0 132516.0 140700.0 134383.0 115992.0 132385.0 139343.0 129195.0 128710.0 127984.0 150971.0 122099.0 136726.0 145934.0 148363.0
137832.0 136822.0 131648.0 150221.0 159875.0 164210.0 127066.0 140737.0 145847.0 143243.0 141065.0 144600.0 135282.0 156211.0 143108.0 132122.0 136939.0 133483.0 156982.0 156946.0 141917.0 149861.0 140141.0 157269.0 160345.0 129428.0 141187.0 122161.0 142389.0 149645.0 143149.0 146327.0 126604.0 123412.0 124119.0 123350.0 134672.0 162162.0 137004.0 143821.0 143363.0 153150.0 124110.0 138755.0 149623.0 137035.0 154030.0 148575.0 149169.0 170742.0 142980.0 156725.0 146927.0 141953.0 135935.0 150155.0 141101.0 146059.0 125626.0 174374.0 135816.0 147994.0 155453.0 143503.0
146860.0 144039.0 139095.0 158873.0 151174.0 158856.0 129688.0 136998.0 164684.0 152666.0 150178.0 156013.0 148721.0 150534.0 144344.0 173017.0 155888.0 134495.0 140928.0 146107.0 156821.0 146067.0 143120.0 160066.0 179700.0 142300.0 160143.0 116339.0 150424.0 144672.0 151712.0 154829.0 131024.0 135905.0 133032.0 149491.0 143878.0 160668.0 139029.0 130741.0 146352.0 148330.0 142605.0 137814.0 124403.0 125588.0 142219.0 150992.0 159132.0 162461.0 149802.0 159742.0 150713.0 136409.0 152819.0 147591.0 150746.0 144802.0 118333.0 163493.0 141388.0 158780.0 165695.0 166989.0
157169.0 152976.0 127857.0 151758.0 165282.0 184317.0 162194.0 153675.0 161722.0 157303.0 150517.0 152153.0 153490.0 172965.0 152558.0 156354.0 148019.0 158424.0 155227.0 174101.0 159919.0 165247.0 159384.0 163576.0 184953.0 135202.0 154649.0 142358.0 149357.0 167169.0 184890.0 170597.0 135021.0 140094.0 146800.0 178218.0 149342.0 161176.0 145181.0 153537.0 165385.0 165998.0 159135.0 163394.0 133112.0 131827.0 145306.0 164678.0 170871.0 179246.0 149576.0 160777.0 153526.0 164049.0 154168.0 160635.0 166119.0 144704.0 136214.0 160818.0 156059.0 168063.0 168139.0 174585.0
153971.0 154696.0 133515.0 158561.0 157828.0 164309.0 139512.0 139698.0 155795.0 141411.0 150949.0 144436.0 142821.0 160549.0 137096.0 148264.0 164248.0 151130.0 153007.0 165238.0 155671.0 161670.0 137926.0 154056.0 183497.0 143172.0 153951.0 126486.0 140017.0 152055.0 157767.0 154393.0 123417.0 146019.0 160340.0 157026.0 138093.0 167782.0 150495.0 140896.0 140694.0 151026.0 141471.0 146837.0 136958.0 129502.0 142272.0 167426.0 165291.0 177819.0 146656.0 154042.0 142450.0 138151.0 153147.0 168891.0 144783.0 145564.0 131702.0 163298.0 140032.0 149667.0 171120.0 152966.0
157254.0 147122.0 128808.0 163040.0 154147.0 172511.0 141906.0 159633.0 161799.0 133788.0 142763.0 154486.0 143660.0 165871.0 141002.0 165464.0 142977.0 142755.0 148301.0 168206.0 162163.0 145156.0 159896.0 165697.0 172594.0 136864.0 151116.0 120675.0 141567.0 164310.0 157974.0 167346.0 137017.0 161081.0 133045.0 160028.0 157011.0 168612.0 141615.0 137260.0 146555.0 141947.0 130801.0 139782.0 138281.0 142925.0 143858.0 165552.0 167580.0 171294.0 149375.0 151974.0 150104.0 152235.0 142200.0 169298.0 155697.0 156394.0 133758.0 165222.0 150908.0 143023.0 172438.0 168362.0
144716.0 125149.0 125266.0 163686.0 160685.0 163107.0 136773.0 135875.0 137002.0 126958.0 146353.0 135366.0 136939.0 152425.0 121419.0 151907.0 132609.0 141537.0 144358.0 148477.0 148386.0 158032.0 147787.0 144716.0 150089.0 137070.0 131473.0 116780.0 124413.0 152730.0 141878.0 169446.0 131926.0 127075.0 133245.0 149815.0 116339.0 152655.0 135583.0 126470.0 137215.0 139415.0 125859.0 121956.0 129130.0 119206.0 124017.0 155655.0 141261.0 147429.0 127817.0 139648.0 139170.0 131504.0 137221.0 140273.0 135404.0 132306.0 111985.0 158918.0 133573.0 146274.0 161748.0 158400.0
165989.0 149939.0 129921.0 160276.0 154277.0 179008.0 138667.0 154072.0 149050.0 148443.0 150681.0 153283.0 132882.0 175602.0 140933.0 168961.0 146665.0 152676.0 154183.0 161019.0 149125.0 140069.0 148305.0 162984.0 185140.0 128049.0 167006.0 132469.0 162960.0 158378.0 169083.0 160081.0 125443.0 144077.0 159214.0 153097.0 149225.0 161275.0 145505.0 136807.0 161998.0 159458.0 140453.0 156662.0 135512.0 130511.0 130566.0 168030.0 169715.0 161026.0 153596.0 170299.0 147608.0 154634.0 157094.0 144876.0 155467.0 159889.0 138612.0 151910.0 129739.0 161697.0 160994.0 161682.0
168109.0 163849.0 151398.0 162821.0 162597.0 187794.0 154561.0 157078.0 170725.0 168246.0 165184.0 152900.0 151639.0 152497.0 152950.0 168179.0 160695.0 165067.0 163514.0 166144.0 176931.0 150170.0 151021.0 166476.0 183208.0 155536.0 173684.0 143490.0 167678.0 165163.0 164973.0 171660.0 149048.0 172408.0 156131.0 159602.0 155276.0 180117.0 162790.0 152497.0 157071.0 163512.0 161322.0 179640.0 147889.0 154196.0 156798.0 174596.0 171753.0 172824.0 155799.0 176410.0 169326.0 152546.0 169052.0 176609.0 152419.0 156570.0 146680.0 180140.0 153188.0 171041.0 196994.0 169057.0
160621.0 165218.0 129070.0 166952.0 143656.0 169864.0 139749.0 145637.0 165045.0 165972.0 151195.0 143219.0 157483.0 173339.0 169509.0 155777.0 164199.0 165110.0 166382.0 169222.0 157088.0 166788.0 161698.0 170433.0 171160.0 142814.0 151455.0 146075.0 156924.0 157395.0 181410.0 169101.0 133561.0 149427.0 153781.0 159158.0 150534.0 166781.0 143472.0 148245.0 156747.0 161423.0 154504.0 166232.0 156948.0 145663.0 160290.0 155750.0 170063.0 162028.0 144709.0 149690.0 153933.0 158809.0 161754.0 155820.0 154289.0 154644.0 142846.0 160593.0 148458.0 179525.0 175610.0 157777.0
159395.0 164058.0 131684.0 162873.0 160639.0 177987.0 148070.0 153013.0 171675.0 150978.0 164844.0 153247.0 152309.0 175483.0 171690.0 180612.0 158300.0 175591.0 157877.0 168052.0 168840.0 171802.0 158606.0 175891.0 182488.0 146731.0 159905.0 138902.0 175158.0 158581.0 158648.0 165737.0 137615.0 138321.0 157258.0 163374.0 152358.0 167725.0 158974.0 150082.0 155207.0 170807.0 163632.0 151792.0 144325.0 145216.0 163104.0 175488.0 177833.0 176421.0 153360.0 176440.0 143692.0 137813.0 173884.0 174481.0 150561.0 163878.0 151333.0 178689.0 163061.0 182222.0 181905.0 168883.0
182737.0 177010.0 154597.0 186533.0 172268.0 187867.0 167381.0 177377.0 185488.0 185092.0 174570.0 157991.0 155910.0 189043.0 179449.0 188495.0 172452.0 179002.0 182371.0 188343.0 183076.0 179691.0 172898.0 176910.0 193993.0 157440.0 172439.0 147135.0 160386.0 179451.0 184954.0 177405.0 159066.0 137997.0 167469.0 183296.0 173023.0 189097.0 160769.0 159735.0 162301.0 185163.0 168822.0 177266.0 154984.0 162792.0 177342.0 189599.0 191449.0 193866.0 171483.0 184394.0 178634.0 156275.0 166496.0 182489.0 164099.0 177267.0 163207.0 192105.0 161879.0 194823.0 197723.0 181453.0
