61189 84220 61706 85421 76929 73697 85748 65581 80426 67599 79760 84330 74613 95102 79505 66095 91299 86633 80126 88667 77676 74190 86669 69839 71571 84963 93532 87190 78108 81249 68324 78862 
68576 89341 64045 92345 86676 81942 99903 82611 89092 80567 75427 92649 84814 108848 86261 80173 95670 93710 81240 94303 84592 74628 81800 85153 80463 90743 98067 93916 92580 91126 75399 81237 
63596 75858 58233 82718 84267 75910 81688 75701 79531 69863 65240 89036 81918 96339 82388 68017 91970 85301 77569 85040 81151 71271 84283 74639 68389 87085 79947 79128 76464 85670 72222 74718 
53977 70747 51514 75010 68338 60274 67139 52578 60180 60049 47658 83192 60004 83239 68197 55241 70771 63995 69508 62716 70031 62605 64481 59212 57076 60539 63903 58713 54892 69154 54959 59592 
62736 73015 58754 85670 83132 74358 82006 72658 70967 74691 69566 81118 73294 94288 81185 64151 79094 84846 78586 95711 75806 65948 95096 79567 75079 84535 80194 80570 76351 77594 72265 89686 
71240 87072 56708 96376 92256 75062 88456 77372 86567 83730 76422 97573 74613 102170 80401 73201 97662 96459 88127 94615 85550 87809 83146 73456 74655 85483 88732 89397 76657 94324 60211 81387 
62307 82949 63142 89608 60119 65824 78994 60305 68594 79433 68299 74051 54324 96640 71281 63929 81698 80875 70687 88580 81457 69194 71926 62504 67042 75777 70948 67372 63164 77795 62248 69727 
69898 76425 62773 85799 80983 68035 83377 67636 74476 72832 62216 79545 73358 97648 76856 61648 72236 78854 73157 91787 74684 74003 88498 69631 60292 80628 85042 64887 71006 83370 68382 72230 
55307 71191 50905 64694 67405 67012 67230 65695 61788 62502 60587 77588 72112 86378 69834 54515 74273 72205 65328 70113 69892 64759 78096 59378 55094 69160 73008 63157 65072 74496 59854 63340 
58078 84774 71716 97512 80687 79559 89847 72376 83544 82535 77736 99442 76911 109885 89760 78700 105435 87277 89959 90174 83091 80560 80822 82019 82041 93821 87722 94026 82648 89948 73673 75666 
65845 77861 58757 78637 79130 78430 84840 71812 72558 76116 59991 88375 70109 94746 76274 65303 80223 85071 77721 77504 76565 71105 85250 78255 70958 78711 81436 69961 69170 85608 61214 76436 
58020 73517 52410 78504 81235 63645 68806 70326 67388 66304 62420 90382 75572 91098 70502 64964 92298 85610 74472 81048 75173 73174 76685 67546 76508 71093 73082 78483 64743 82197 61919 71824 
61754 80141 56405 76415 80121 68258 79776 69814 68519 71285 61056 90627 69105 95263 74313 69631 84936 75242 68484 79912 79081 71240 70720 76626 69646 77464 75540 69336 71280 81167 67403 67112 
51557 78238 49444 69183 66346 67345 76535 63926 75195 65756 61277 71556 62036 84763 66999 64206 71862 78372 65190 82270 66695 65885 73451 62644 67932 77547 83067 69980 67934 72643 55712 65279 
66676 81419 67046 95798 88112 83288 91773 60805 76618 76811 72863 94802 76749 105879 92251 72521 93839 90302 86073 91233 78382 82822 88805 76465 78671 93632 88465 90920 81444 87105 73046 86412 
61453 90236 57381 78276 81456 74542 88891 72670 74066 69715 64399 90801 80122 100556 80315 69800 85918 87135 75066 80395 77565 80921 80140 75864 76521 80629 89171 76095 77762 84099 66700 77446 
65649 77853 54684 86077 79611 72177 76170 71886 70713 79863 58695 95470 82305 92358 80412 59357 80504 80317 75001 73916 80381 79786 85438 67539 63509 75164 80169 83763 80184 86212 65917 71333 
57373 66456 56174 73815 65177 69271 72711 53847 57587 65678 50134 80980 63436 85797 74823 56242 70066 72361 68600 67974 62027 70046 76626 59405 60211 70928 71323 66250 64906 74598 58141 64696 
70016 74836 57288 83894 79413 73275 86553 72730 79546 80411 63701 92072 80599 95090 77025 67824 82069 85602 80145 86106 72954 70857 90898 81118 67044 84074 93070 86864 91663 87067 69748 72345 
63027 71012 53362 70843 69946 63191 77701 62252 54981 60649 55281 80377 74925 84784 68381 61381 69631 83029 69016 77612 64286 66940 87019 69612 60991 71968 82680 67034 75443 80052 66176 75827 
66305 81914 62496 97995 82832 73364 88618 78603 87395 88160 70155 85683 82782 103266 89859 70760 91504 87517 86465 96959 85600 91751 97933 74257 77960 90507 94580 85021 85953 90602 74622 85870 
73588 77374 61796 86055 85998 74333 84934 77002 80899 80085 69553 94080 88044 101867 85394 69424 87057 87717 78153 89096 85986 80896 87682 79380 68948 89851 91841 87531 92398 87422 79495 76067 
62635 66894 54353 77085 73495 66747 74317 73430 72459 70312 52606 86404 75885 89781 72447 59647 72174 82965 68635 74826 69466 71673 81319 64659 61782 75586 73219 72676 74486 80438 62918 68110 
66276 79373 60167 80257 83942 77369 85310 72479 76957 75084 67888 89527 76429 102996 74415 69219 76737 83762 81961 90634 74717 71383 94239 77240 68040 76914 93113 70520 77971 79519 64625 79248 
53531 75577 58028 77280 72661 70047 69308 62418 64138 74720 63279 85793 65722 93046 71498 63019 73219 73472 73153 78118 78058 70681 80960 66877 68430 73400 70113 70835 68945 73279 63883 75826 
70314 76076 59664 76257 66217 66529 78451 47503 69680 62744 64043 84362 70944 92867 77955 66907 75972 87997 72800 84331 60539 64781 72071 64470 62537 76436 84229 76324 75379 80169 65759 53346 
64512 88485 60052 82604 70344 68362 88464 66927 71507 72472 66491 84149 77801 98161 79921 68574 86586 95609 74716 89916 70453 85945 91340 70345 77241 82962 89805 74123 77036 90297 66372 79849 
65617 76160 62825 80619 74005 70844 82304 66300 68716 76239 72475 80752 57117 91434 74393 67496 92629 85080 73941 86814 79559 81658 75317 74061 76490 91026 77738 71263 68908 76167 60469 79237 
67626 78912 58967 86188 96203 79415 82832 68651 78117 69309 69969 87020 71695 95736 78923 76801 83737 87543 79964 94828 84786 67240 81746 81494 70614 86902 88279 78357 73095 82192 65327 77048 
69953 93218 72454 93743 81291 82795 89635 69542 85896 87352 71328 92443 80095 108850 88518 75425 91620 90320 91889 98830 95900 86406 102358 80298 73414 96810 95994 75868 80937 95304 77345 87260 
61639 74111 70027 88682 83148 71766 87139 60882 82747 70787 60254 96035 78296 102788 83053 64306 89806 78896 90448 81333 74049 85919 88332 68987 69032 80028 97004 86665 78298 81129 61420 76770 
58424 73914 55720 77514 79555 74945 68841 60781 76995 64332 62907 85519 69613 84700 75035 64768 76406 73764 74115 78048 85409 63103 76125 69432 70938 76999 80796 79486 71911 68089 68197 74984 
